82,15,-7,-48
39,5,28,65
32,82,-40,69
74,67,92,-85
58,76,30,86
31,64,-62,5
38,70,67,32
68,81,-45,61
32,42,-8,-34
18,79,60,40
55,36,93,26
63,52,-58,-44
9,35,86,-55
4,101,-64,40
10,47,-59,-25
25,73,-62,37
25,38,-23,52
27,70,88,-91
5,41,-59,-78
16,22,-14,61
18,29,88,26
86,82,-92,37
92,10,8,93
35,95,-16,-83
47,3,59,-34
42,23,80,-58
75,35,-66,-27
76,28,7,51
17,42,-27,-13
65,25,-61,87
6,39,-64,-79
65,29,64,-24
65,2,-76,41
2,91,81,-15
28,4,-75,44
39,82,-65,-66
43,26,70,-58
40,52,-96,83
58,94,30,-88
54,76,69,-38
25,70,-18,-96
91,60,45,-22
18,48,34,-50
25,7,83,-34
47,70,54,34
56,102,38,-24
5,75,24,-68
98,10,-95,-33
17,40,34,-26
40,93,-52,-40
68,11,-19,-33
46,9,-29,94
47,45,44,52
59,0,15,40
93,96,89,70
7,52,19,11
98,5,89,-59
36,26,-26,-78
1,98,-38,-86
52,28,-79,11
16,17,73,48
47,30,45,-68
46,96,80,-38
35,78,13,86
8,60,-90,-70
50,5,67,65
16,71,-36,38
58,93,-16,12
54,4,-76,-64
16,16,91,47
53,28,49,-8
88,85,84,11
82,78,75,-85
24,31,42,-25
25,14,-5,38
77,39,2,-45
80,88,-93,77
41,4,54,-62
13,43,-38,28
72,10,-40,4
68,87,-77,31
81,93,-27,-71
73,68,-32,58
93,68,19,-48
55,69,-6,6
75,86,-97,-66
22,14,-47,-55
4,51,-77,30
16,69,60,-96
24,53,-41,-24
86,41,-58,-47
23,68,96,-69
6,82,-31,88
26,48,21,78
1,5,55,-60
82,61,4,-47
86,84,-53,87
50,3,59,-60
74,76,96,-21
38,96,44,91
85,43,-92,29
56,57,-81,-20
14,7,-28,-9
86,14,-53,95
42,12,-78,-86
14,12,78,-59
86,94,-40,45
88,84,60,-24
91,78,17,-28
59,24,74,71
78,102,21,85
34,81,75,-65
17,70,-28,85
59,76,67,33
87,18,-7,-60
5,52,-33,-41
50,81,-78,-68
29,84,-80,-44
28,55,23,-95
82,29,4,99
31,30,47,23
52,60,59,59
55,62,97,90
81,100,-71,92
76,65,-53,59
61,83,-50,-38
13,7,86,88
81,41,-91,53
49,87,-42,-13
9,61,-59,81
72,76,55,-99
91,18,-17,71
22,36,-80,-51
80,34,66,-54
26,46,-93,-49
3,8,-34,-66
4,67,-95,-14
70,96,73,-66
53,17,46,-31
49,53,-78,85
3,22,90,-87
20,24,68,-58
86,66,71,-98
51,55,-86,-46
11,31,-51,-83
68,41,42,-90
40,96,67,-33
26,57,96,84
71,79,-45,-43
98,21,-28,77
94,97,-9,96
19,46,-51,44
76,77,-58,-68
0,93,19,-36
71,52,-4,1
19,49,-70,5
20,63,60,30
29,29,-88,22
74,47,-66,26
5,11,86,97
74,101,-94,51
25,80,79,-44
56,76,-65,-46
26,49,52,80
65,41,43,-77
37,25,-5,-25
17,21,52,20
83,68,99,85
74,40,-53,76
47,53,-37,-38
52,95,64,-48
80,61,9,58
28,94,13,-10
100,6,32,-12
36,72,51,69
72,53,-78,-74
56,14,7,54
100,21,-90,-32
12,44,-53,44
22,33,-88,23
4,91,-77,63
29,30,-40,-63
59,2,-34,-83
55,85,51,85
4,57,-46,-19
88,75,71,36
19,59,-88,-68
3,86,-14,-22
97,78,-38,37
34,10,-52,18
73,28,-44,-68
2,10,65,-27
41,35,-91,-77
39,35,5,-1
94,3,45,66
85,39,43,-81
86,87,-58,9
58,71,51,85
96,25,68,70
37,62,-81,-65
71,90,-96,-37
29,102,21,14
9,73,-71,-92
50,18,-55,98
5,23,62,58
50,82,-89,-5
48,48,-9,57
51,98,-16,-26
10,10,-5,-3
35,61,-99,49
82,95,14,-39
14,5,-88,93
56,15,-16,16
69,88,-2,-37
0,82,-72,-76
64,75,67,36
85,89,6,-42
46,51,52,53
36,70,-52,92
12,35,55,-7
37,92,-86,-91
58,47,97,-95
10,7,92,75
48,84,2,62
85,80,84,89
42,0,-65,38
67,100,-14,16
16,98,-49,39
15,67,98,-71
61,96,64,-13
5,64,-63,71
28,7,-26,-34
75,5,92,69
29,19,-21,3
26,22,-69,-95
90,46,-56,-75
96,92,71,-50
76,9,52,-39
60,15,25,45
47,47,-78,3
94,39,-82,-78
93,45,-36,-47
83,35,35,-52
38,32,-78,-79
39,66,75,-46
26,43,-31,79
34,44,-39,53
70,88,46,40
41,81,83,38
46,56,18,-51
93,6,-9,-4
87,86,-7,64
99,50,-33,28
16,60,34,-50
64,37,-81,75
76,0,23,-38
33,56,-60,53
54,63,2,-19
85,30,35,-6
23,65,89,-1
47,96,51,-52
72,65,-61,87
7,72,55,36
62,85,46,-92
28,98,-85,-85
53,14,-51,-10
46,39,-55,22
84,68,-61,7
85,25,9,49
9,87,42,-90
84,79,79,32
49,78,-86,-14
100,72,53,34
47,30,82,-48
5,77,48,-99
96,0,-15,-34
56,76,-78,-46
96,2,-5,31
89,58,-30,-72
3,45,-67,75
43,18,-10,76
77,54,92,80
55,1,88,-57
44,77,48,-14
75,5,40,-30
88,74,55,-84
48,65,72,57
27,75,-5,39
17,7,30,32
34,15,5,-4
72,28,56,74
42,21,36,23
36,24,-79,-51
95,69,-69,89
19,22,-44,43
50,9,-16,74
77,24,-29,66
24,73,-67,-69
24,83,-85,41
54,67,49,88
15,66,-27,97
22,59,-18,-76
30,5,5,-36
82,22,76,-30
100,88,97,45
44,16,-81,-57
69,13,86,-90
48,74,49,-56
43,88,-65,-91
51,100,49,-53
0,23,-25,-30
40,80,93,39
31,19,-88,-83
33,0,88,-88
53,17,5,-31
9,22,-64,-38
60,53,7,81
18,88,94,22
97,14,-24,62
88,59,-64,30
31,82,49,61
53,96,-71,21
9,75,-85,-43
3,35,86,29
80,92,-40,77
65,97,51,13
57,9,-14,72
12,97,19,38
14,43,-41,53
73,97,4,2
82,84,-61,36
83,76,43,-46
73,28,-31,-25
62,15,-19,72
75,74,36,11
84,15,56,44
40,4,-52,-87
76,59,-72,-82
23,51,-49,82
9,60,-46,-50
91,48,50,-51
1,87,94,-37
24,40,-52,29
67,77,64,60
90,53,1,79
25,20,-66,19
67,24,46,-51
0,73,-78,4
41,25,-78,-36
15,94,91,-91
81,50,30,53
34,24,85,-26
41,1,-34,-36
45,33,5,24
55,46,-36,45
55,89,72,-12
61,32,-99,74
6,36,58,-25
17,38,-57,-81
35,28,62,73
2,4,84,20
18,5,-84,-83
70,80,25,-41
70,96,-55,-9
25,34,12,-78
92,4,45,-84
74,55,61,-20
11,82,-72,-41
6,20,-33,-80
1,21,-38,-83
29,70,-70,-45
88,60,-4,55
24,47,7,-88
29,13,-30,95
60,65,64,-23
44,38,98,-69
31,15,-61,95
20,90,26,-14
58,99,64,92
21,30,18,24
95,65,-29,33
86,57,97,84
21,102,-44,-83
71,61,69,56
57,46,80,53
38,78,-86,-97
78,78,4,61
87,68,-7,31
100,67,-82,-43
50,60,75,-97
54,91,-99,66
93,83,-74,63
20,49,16,-19
1,71,73,-50
89,2,-4,43
31,79,-57,88
54,81,-91,-77
77,49,42,84
33,6,-57,-10
41,62,-83,6
71,16,85,-50
31,54,-70,-22
39,26,-5,-80
24,14,-36,98
50,100,-16,13
3,7,34,-6
59,84,64,-42
3,3,34,70
88,34,17,-94
86,16,45,42
68,1,-64,-67
77,64,53,83
17,36,21,26
80,83,-6,51
64,49,69,84
45,34,10,74
8,0,-36,38
94,3,92,-68
41,11,49,97
68,23,-1,72
88,101,30,32
74,94,-53,-12
25,45,97,99
78,76,17,59
97,24,-23,-58
89,19,91,-97
33,35,-88,-1
17,44,57,-45
67,11,12,-7
15,31,60,-56
32,9,-88,44
77,51,-9,-75
23,89,99,-15
60,82,-86,7
25,31,83,48
9,49,24,29
98,77,-82,-16
53,19,-2,79
64,29,-4,-52
76,97,17,-62
64,4,2,47
6,36,91,55
81,92,-22,69
94,74,-43,-42
92,55,71,83
9,33,-67,-98
6,66,68,-71
69,46,-99,-91
67,63,-86,-48
26,60,26,-50
99,55,45,55
20,39,-23,-50
85,67,-95,-19
71,100,-57,-67
100,5,-82,69
90,39,24,81
31,28,37,87
85,15,87,-63
44,96,49,-62
29,63,-38,-1
74,82,-4,-57
0,86,-4,-69
43,80,-65,-37
23,62,-80,5
20,71,-26,32
72,34,-32,-54
20,87,63,-21
78,6,87,-34
24,7,52,-31
95,29,-82,-32
67,36,-71,-79
8,81,-77,10
32,44,31,-48
36,102,-83,-10
66,90,-50,37
4,95,-49,-29
69,79,9,11
96,74,60,-83
75,74,-30,-18
81,19,-35,-54
93,23,63,-85
69,0,-37,-57
20,67,-23,-71
84,34,-46,14
94,81,76,10
43,99,98,-89
67,39,-86,-78
54,55,-62,-93
48,20,-43,-15
54,56,-74,64
67,50,-68,63
38,27,98,-82
35,45,-13,53
19,63,43,-9
33,63,-62,-67
22,73,27,66
5,57,-87,-74
50,65,10,-20
18,51,78,83
58,84,-55,-13
