19 50 58 35 13287 9100
74 22 13 46 5345 7906
14 29 45 28 10893 4468
47 39 21 86 3827 9073
57 13 19 43 10000 8952
19 51 24 13 12091 18429
86 36 25 48 5199 2364
11 37 69 24 8705 19772
23 78 61 16 8392 11282
23 57 50 19 17995 2381
32 67 56 13 3920 8654
62 13 15 51 5928 12730
65 24 17 50 15284 12172
61 27 13 92 1695 5925
57 13 32 66 16874 16216
87 16 35 48 3486 1888
24 49 52 14 4956 1999
80 34 14 96 1572 4090
67 35 11 27 17181 13277
68 17 19 53 12255 14703
11 78 86 16 6330 5628
43 16 17 61 4540 13105
18 41 44 14 10626 15897
64 40 24 50 12560 6420
12 71 76 60 7728 7147
13 71 37 12 17060 959
90 19 37 87 8211 9098
31 64 59 18 14330 11946
46 72 61 18 5120 4140
78 11 18 81 4424 6508
81 16 46 97 2155 3151
15 85 95 12 5515 3356
35 58 48 24 10128 16264
16 40 38 11 4080 2808
18 50 38 18 9266 15774
56 95 80 36 2384 3446
90 49 29 68 5433 5934
13 37 59 42 4468 11593
11 54 56 17 7735 8640
46 26 23 42 13440 19218
38 70 40 16 4928 5320
52 24 34 59 5560 3952
48 23 39 65 11045 8005
40 57 69 31 3050 3673
53 14 15 42 1637 8558
12 55 96 55 3648 4400
12 24 49 11 10862 2726
57 11 34 83 9402 19518
20 88 45 11 1635 5885
96 77 74 11 11378 7337
56 21 41 93 7530 7326
26 83 97 37 6407 8729
22 69 68 12 3306 5337
22 56 52 28 4674 11624
67 17 43 61 6105 6007
71 16 14 74 13001 6776
12 34 92 77 6180 6490
18 95 73 60 6677 6290
78 79 13 54 7605 10030
34 11 27 46 2583 16736
82 32 24 63 3862 4457
31 52 31 11 9229 15378
80 56 19 85 1779 7053
40 99 52 24 3020 2763
69 73 77 19 5068 2426
40 27 12 36 13716 5237
59 66 96 28 4811 3794
23 77 64 23 2629 1151
56 18 20 67 11228 14161
27 56 62 30 18764 4088
39 21 19 56 9467 9608
56 17 38 80 8160 450
87 56 11 56 4251 6552
50 16 16 41 9322 19623
15 13 15 77 1335 3205
71 20 23 69 3890 5915
43 11 23 45 1724 2364
32 64 50 19 6730 12039
74 74 16 82 3484 3814
45 61 77 17 5869 3849
15 58 36 15 17309 16825
31 13 43 64 17497 18706
36 20 22 49 14960 4260
83 16 28 33 2768 644
34 57 86 33 3946 4503
40 23 21 41 3339 1734
21 39 69 35 3240 2012
94 41 31 79 6219 5921
57 25 21 81 3540 1768
19 39 47 17 8452 2712
62 11 22 72 18268 17300
24 17 31 69 3805 6976
71 72 52 12 8108 5208
90 40 29 68 6533 6596
82 72 28 90 5232 11070
39 11 18 53 3725 13252
22 75 72 60 6178 6225
12 32 46 28 7044 10280
29 52 89 46 6787 7172
13 58 63 14 18178 9492
53 11 18 55 3073 3201
21 55 47 13 11898 14142
14 31 94 29 3278 1705
60 27 13 27 17258 9926
53 11 16 80 1461 7211
71 35 15 45 14538 7800
93 52 22 80 2952 6728
15 40 64 23 15387 8214
26 11 29 39 17118 8218
94 33 28 64 5800 7074
15 87 91 25 7832 6710
81 84 79 13 8309 1862
56 21 15 41 18296 18546
61 37 16 39 14435 14063
54 16 13 26 4889 3154
17 55 41 19 13333 2043
11 58 42 11 14400 5920
26 70 88 11 9778 6896
12 30 66 26 7442 5226
37 20 12 30 12787 2760
11 49 72 14 13124 13486
91 26 13 81 6916 4681
73 63 76 11 5924 3584
49 99 59 17 4246 2242
17 39 41 28 8220 12013
14 40 78 49 16276 16697
22 60 63 27 7366 2576
45 80 97 19 5891 4642
39 44 92 22 7109 1804
15 37 80 53 12840 6633
50 42 12 60 744 1224
41 40 17 68 2357 2608
51 20 46 76 1787 9072
49 18 15 55 11975 14525
86 11 26 42 6308 3282
17 67 52 13 6801 18417
23 77 65 19 3004 10292
41 28 13 42 857 2142
90 36 53 94 8166 6324
11 54 50 23 15285 1602
17 75 53 13 8610 19144
15 97 87 21 2094 7042
20 58 67 29 8216 8558
29 72 51 12 16786 8408
73 14 12 44 5179 5658
27 16 15 43 16682 6087
74 30 15 46 10757 3648
91 47 53 93 7531 9271
60 40 13 37 906 16994
24 69 69 14 320 7970
43 20 39 67 4033 2511
93 26 36 62 4734 5738
38 11 16 31 2356 7345
59 30 26 57 9702 2309
36 79 94 33 5202 6737
12 51 64 34 2036 1451
56 38 13 77 3386 6252
56 16 48 55 5792 3843
32 14 19 36 10524 11350
12 38 60 37 5540 1437
17 67 98 44 1757 4529
72 35 11 42 7286 5842
23 58 56 11 7335 9930
93 40 47 68 7908 3688
49 19 28 35 4312 2348
16 73 94 63 4520 7451
99 21 92 88 6601 4619
11 73 71 68 3561 7908
29 94 82 36 6282 5196
23 76 55 17 7538 13970
73 21 24 74 14766 1442
49 16 12 40 19125 14096
24 44 58 31 11886 5485
64 17 37 42 7945 4845
79 33 16 56 13284 13732
24 40 47 21 12979 17185
45 16 32 64 4252 2880
23 43 66 38 3109 2057
83 22 26 43 3509 2230
14 51 62 15 3562 2433
19 40 70 44 9591 10012
42 85 74 42 7474 8768
33 18 12 46 12992 17862
72 36 16 81 6752 6588
52 21 14 47 8476 6498
24 92 75 73 5238 9354
14 39 23 15 3867 12041
91 15 63 75 1694 990
19 56 50 22 1765 9240
38 17 13 37 15484 5386
54 38 14 34 16032 9952
79 77 94 15 12802 6808
20 51 18 14 1204 2496
13 70 84 27 9449 6713
38 50 74 14 3158 2738
20 49 75 39 2745 8560
13 53 99 79 4853 4853
26 15 26 62 4394 7188
34 59 44 17 10974 12503
21 45 71 38 13079 7316
29 53 46 20 19082 12008
17 44 42 15 3813 4596
88 98 98 12 11076 4758
78 24 16 60 13420 7580
35 73 39 15 17166 7816
73 36 28 76 4095 5440
88 25 75 98 4727 3567
85 22 12 69 15730 12241
29 81 62 15 3192 10505
15 52 35 12 6620 12624
59 16 21 63 14306 14336
62 73 73 12 10344 6411
43 14 18 55 12196 14786
38 15 22 36 3326 3188
47 94 82 32 4858 6284
81 13 24 50 8889 3411
18 54 69 11 4511 5601
60 19 18 64 10346 11207
68 36 11 32 6686 8752
17 95 95 27 7000 3342
12 95 61 65 2104 9970
36 13 27 40 8954 13831
48 28 14 40 18854 18160
60 14 30 80 3150 7816
19 62 53 38 1039 1906
60 23 31 72 16914 17337
12 47 65 29 10808 1101
11 74 81 15 7935 12102
48 14 22 64 6400 4284
45 23 34 66 10826 6726
86 46 25 76 7789 7736
60 11 11 49 2811 6918
14 35 75 44 15433 3244
32 89 78 28 8660 7837
33 15 22 57 4104 10262
75 20 14 60 3897 6300
36 39 16 71 3072 3972
37 17 43 65 18745 19575
41 24 19 37 11480 1557
11 69 74 24 14208 16940
42 16 49 92 8155 9340
58 24 12 39 15090 9977
77 51 20 83 7801 7399
17 13 28 85 1170 2548
73 12 22 77 9612 4289
45 29 20 45 12930 2854
58 25 15 39 15621 5007
31 20 16 72 1342 1976
16 53 30 13 8288 16351
42 69 86 36 10524 7182
16 67 46 12 2154 11963
12 72 82 16 18396 3144
12 25 23 11 6003 12505
33 13 49 77 10036 14932
12 64 55 64 4129 9408
69 44 34 75 6203 4702
75 37 14 54 4878 12182
63 21 22 58 8312 2648
77 56 15 42 3954 4368
23 12 29 49 3916 8050
85 51 11 21 5339 3405
74 18 69 73 12229 7753
44 20 20 62 9824 4034
11 90 81 71 584 3003
20 98 62 69 5906 9451
21 53 34 16 4635 14485
43 13 31 48 7613 6788
17 44 55 18 5441 14586
34 61 54 22 8498 16233
69 28 14 34 2486 3246
82 26 18 43 3670 2991
16 51 50 12 6538 10334
69 67 86 15 7607 2591
32 67 94 26 8418 6864
24 87 66 63 3252 9321
46 11 18 50 6712 14780
18 56 37 13 14944 9256
25 11 19 32 10880 3470
37 69 45 15 13083 3821
86 64 19 82 4891 10358
35 74 43 12 4721 17028
20 73 27 14 1389 2787
60 11 60 57 8580 4793
66 75 88 20 5588 2590
74 12 17 77 16651 17685
77 48 12 45 3721 4083
51 52 83 13 9254 3562
55 19 25 46 8165 7946
75 38 13 48 9143 16658
19 47 61 13 16485 8185
31 50 43 22 8610 17748
27 79 54 14 13652 11012
99 30 20 97 2741 4741
35 64 70 29 5845 2570
74 16 15 63 11119 15351
11 50 42 22 11855 6958
47 24 19 49 4327 2799
48 16 26 51 5644 2786
90 98 17 79 8654 10754
21 73 67 21 13546 10698
55 19 30 58 7710 3870
67 34 13 39 18114 12244
24 66 96 75 7296 9669
48 19 21 66 6887 5589
28 98 73 58 2672 8562
11 24 34 15 2989 1961
12 87 99 92 10548 16401
28 56 28 17 4032 5373
53 37 11 96 5983 12214
43 14 34 56 9956 10532
88 22 15 29 2056 716
53 80 50 17 4048 2368
14 42 86 55 6736 5795
26 57 37 15 19118 2924
15 75 79 15 2502 11270
70 14 66 98 11684 9884
12 31 69 30 4808 3812
83 16 39 99 8461 9407
21 38 56 27 18218 8914
56 19 21 57 9062 10133
